-24773	-28498	53564
-25828	-33177	50303
-24086	-34784	50083
-26696	-39282	45240
-28235	-43478	40230
-27842	-45433	38313
-25115	-49935	34424
-23610	-53785	29344
-20804	-56240	26768
-23665	-51927	32462
-20635	-54608	30056
-16138	-58991	23929
-12696	-61306	19846
-6277	-62885	17881
-557	-63778	15678
2675	-63831	15235
4833	-64283	12562
5295	-64415	11666
7350	-64511	9868
10864	-64234	8289
13180	-63645	9418
14259	-63796	6252
12746	-64376	2048
10487	-64751	-2503
9782	-64687	-5229
12712	-63623	-9747
14915	-62129	-14770
18586	-60044	-18613
20794	-57444	-23660
19423	-55465	-28851
17619	-52965	-34111
15980	-50683	-38072
14378	-48233	-41654
13685	-45908	-44374
12069	-44121	-46561
10547	-41379	-49315
10481	-39391	-50903
11388	-36566	-52748
13784	-34120	-53787
15908	-34429	-53012
13958	-37335	-51600
16543	-39743	-49018
17251	-41650	-47189
20343	-43628	-44125
21067	-44974	-42433
25028	-44419	-40865
28249	-46100	-36774
32885	-43641	-35927
38304	-43601	-30267
42235	-42532	-26385
45639	-40096	-24504
48552	-39599	-19265
51072	-39049	-12993
52481	-38976	-5796
48495	-44128	-3072
43665	-49009	-1025
42282	-50212	1251
39340	-52207	6252
34261	-55475	7837
30587	-57047	11105
28120	-58171	11778
22747	-60199	13121
20997	-61328	10544
19622	-61117	13901
16111	-62751	10768
12247	-63599	10881
8341	-64229	10881
7624	-63009	16892
1545	-63240	17662
2501	-62275	20713
3094	-61080	23929
-1412	-62200	21037
-6392	-61850	21145
-7650	-58896	28011
-4676	-56873	32462
0	-57402	31865
594	-56776	32956
5661	-56726	32561
8153	-58015	29650
9699	-57350	30461
10289	-53938	35963
13234	-51546	38405
12144	-49442	41391
12588	-49030	41744
14954	-47430	42790
16802	-46165	43477
16877	-43968	45651
20144	-41857	46301
21667	-41272	46139
21609	-40472	46863
18087	-40247	48505
14982	-42310	47809
17768	-38105	50303
22436	-34288	51168
20092	-33177	52832
19802	-33351	52832
20165	-32146	53433
19012	-32406	53695
18145	-32467	53955
17035	-31771	54719
16109	-30947	55459
15545	-30248	55998
14814	-29844	56408
13775	-30228	56466
13034	-31942	55701
11682	-31414	56292
11144	-29807	57258
9718	-29559	57641
7948	-29664	57856
6724	-31103	57258
6988	-32880	56233
8425	-35641	54340
6966	-37588	53234
7818	-40224	51168
5758	-39473	52012
4037	-37164	53826
-125	-35761	54907
-2380	-34024	55939
-1380	-30374	58015
-510	-29172	58637
1493	-27581	59377
810	-27297	59521
2408	-26466	59849
2835	-26106	59986
3442	-23890	60863
2507	-22711	61353
1801	-23962	60905
738	-24872	60565
167	-23922	60947
-285	-23278	61193
-623	-22301	61550
-1526	-20295	62217
-634	-18144	62887
-1901	-20483	62146
-1496	-23124	61233
-2365	-24557	60651
-3425	-22917	61233
-4961	-24384	60565
-7659	-22890	60863
-7919	-24372	60257
-10634	-22497	60565
-11338	-20455	61152
-13266	-18736	61313
-14191	-17214	61550
-17055	-16470	61029
-18223	-13240	61472
-19411	-10321	61665
-20152	-7939	61779
-23004	-5736	61029
-24645	-8103	60123
-25581	-7578	59802
-26757	-6424	59425
-26805	-9230	59037
-29634	-7664	57909
-31544	-9765	56581
-32299	-12399	55641
-33655	-12919	54719
-36946	-10177	53168
-34706	-12838	54084
-32593	-14240	55031
-28796	-15118	56866
-29138	-15953	56466
-26947	-17300	57147
-25765	-20494	56638
-24845	-24076	55641
-24239	-25365	55338
-25491	-26955	54020
-24801	-26689	54467
-27088	24647	54340
-26795	20783	56057
-28445	17912	56233
-29281	15897	56408
-30467	14662	56116
-28747	11907	57641
-30183	10392	57202
-29396	7766	58015
-30896	10157	56866
-32366	13538	55338
-37578	16339	51168
-36057	12415	53300
-33604	10081	55338
-31584	8167	56809
-32077	5367	56866
-30363	1591	58015
-28637	1150	58888
-22248	3523	61472
-22275	5553	61313
-19532	9107	61817
-16224	11359	62392
-14750	14494	62110
-10996	15133	62727
-7766	16653	62824
-6134	16851	62950
-3422	13723	63899
289	16599	63310
3820	19656	62323
5678	19543	62217
7769	24641	60168
6304	18310	62528
8806	22472	60863
12620	20196	60988
17086	17942	60608
20759	17418	59615
22166	15406	59662
18934	14267	61029
18931	10066	61854
23509	6741	60736
31294	2792	57477
34312	5128	55580
36363	9066	53761
31202	10804	56581
26472	10427	58987
27604	10929	58381
28405	15423	56979
30849	13349	56233
33698	13070	54657
36055	12980	53168
36526	10958	53300
37248	8599	53234
37679	6983	53168
35986	6799	54340
37231	5697	53630
38644	5706	52629
39433	3796	52219
39664	3261	52081
41294	1802	50882
42744	373	49713
42903	-1199	49564
43357	-2652	49114
44168	-3322	48351
45285	-1186	47417
46198	-888	46542
47761	-2169	44909
47391	-4982	45074
47376	-7504	44742
48535	-7601	43477
50597	-8286	40947
51836	-7655	39506
52704	-5726	38682
52649	-3128	39049
52115	-728	39869
50473	0	41919
49072	2314	43477
47609	3412	44992
47493	5495	44909
46537	8205	45487
47942	10365	43562
48357	12236	42617
49122	14178	41125
49434	14643	40590
48158	14356	42182
47439	15414	42617
47170	13170	43647
46297	10944	45157
44819	10182	46783
44775	11413	46542
45882	13156	44992
46016	14863	44324
47148	16511	42530
47732	18322	41125
47903	19063	40590
47969	19089	40500
48740	19791	39232
48083	20113	39869
47523	21059	40050
47302	19593	41036
46188	19226	42443
46042	20499	42007
45253	20623	42790
44628	22446	42530
43614	23582	42962
43779	24367	42356
45077	22376	42094
45683	23276	40947
46107	23696	40230
46680	24403	39141
45819	26667	38682
44769	28521	38590
42831	30777	39049
43910	31785	37006
46163	31727	34229
47758	29611	33937
49357	27472	33448
50216	24818	34229
51075	22102	34811
52081	19265	35004
53685	18485	32956
53962	15677	33937
53748	13201	35293
53882	10571	35963
52762	10255	37662
51691	9767	39232
52054	7593	39232
52385	5505	39141
52602	2756	39141
53351	-94	38220
53478	-2803	37941
53192	-5591	38034
54326	-7539	36058
55373	-9565	33937
56667	-11324	31165
57141	-14460	28935
57834	-16693	26246
58364	-17844	24247
59309	-17232	22329
60350	-17762	18866
61141	-18344	15456
61577	-18124	13901
62229	-16908	12450
62906	-15335	10993
63235	-14949	9530
64109	-12230	7271
64828	-9112	5117
65151	-5701	5912
65394	-1827	5685
65301	1253	6818
65073	5464	6932
64985	7979	5004
64693	10130	4890
64649	11166	2617
64786	10609	682
64834	10268	-797
64459	11830	-3640
63793	13909	-6588
63462	14534	-8170
62836	14969	-11430
62332	14390	-14437
61756	13014	-17740
60832	12930	-20671
59029	14717	-24293
57611	15114	-27212
56261	15286	-29763
54082	16844	-32748
52238	16872	-35548
51090	17691	-36774
50235	19991	-36774
49178	22619	-36680
48631	24779	-36022
48505	28686	-33237
48927	31411	-30066
49624	32226	-28035
48957	34663	-26281
50118	35223	-23236
50130	36555	-21101
48674	39556	-19048
48034	41316	-16864
48552	41614	-14548
49570	41447	-11318
50415	40971	-9185
50754	40953	-7267
50303	41911	-4548
49500	43030	-2617
48399	44349	-570
46320	46482	2162
44075	48438	4777
42422	49495	7950
40923	50176	10993
40295	50117	13344
42686	48247	12786
44906	46339	12226
46712	44328	12897
46779	43775	14458
47768	41965	16451
48788	40361	17442
48887	38886	20280
49070	37246	22757
49061	35645	25197
48868	34090	27598
48502	32102	30461
48020	30828	32462
47903	32800	30662
47687	33020	30763
47397	35457	28423
47109	37472	26246
47485	38866	23397
46756	40932	21253
46257	42684	18757
46509	43522	16009
45222	45381	14458
42575	47451	15788
39070	49828	17442
36493	51161	19084
34497	52119	20172
32666	52277	22650
30548	52488	24987
32833	50175	26768
32958	49048	28628
35835	48077	26768
37292	46715	27183
37658	46174	27598
37789	45035	29242
38441	43146	31165
37437	42915	32660
36434	44356	31865
35375	46436	30056
33270	48408	29344
31656	50075	28320
29178	51783	27908
26799	53054	27908
24931	53957	27908
22838	55137	27391
21783	56453	25513
21596	56854	24776
20220	58065	23077
18389	57971	24776
18235	58548	23504
18283	59429	21145
17948	60594	17881
16857	61622	15235
15829	62556	12226
13849	63518	9305
12354	63558	10993
11387	63290	13344
10927	62609	16561
8995	62426	18319
6298	62005	20713
3327	61435	22970
1914	60916	24459
-214	61073	24141
-2021	60913	24459
-3123	61644	22436
-4671	62112	20821
-5163	62795	18538
-7133	62602	18538
-8245	62625	17991
-8991	63170	15567
-9835	63527	13456
-9571	64037	10993
-10063	64258	9079
-11329	64249	7498
-12048	64372	4777
-13978	64108	2389
-16099	63619	2048
-15287	63672	4890
-13114	63882	7724
-11281	63974	9643
-10442	63761	11778
-10993	62986	15013
-13336	62739	14124
-14626	62848	12226
-16178	62553	11778
-16481	62819	9756
-18292	62150	10768
-20349	61168	12562
-21150	60394	14791
-19834	59971	17991
-17638	59925	20280
-17578	58961	22970
-18899	58164	23929
-20502	57574	24035
-21561	57666	22864
-23077	56546	24141
-24244	55490	25408
-25611	54921	25303
-27255	53722	26142
-28637	52523	27080
-29238	51467	28423
-29716	50246	30056
-30280	49026	31466
-29934	48847	32064
-28676	49071	32857
-29132	47913	34132
-29391	47401	34617
-27529	46921	36723
-26656	45982	38498
-28232	44143	39506
-26297	45001	39869
-24703	45496	40320
-24605	44571	41391
-25763	42538	42790
-26488	43222	41655
-27093	43189	41302
-28745	41667	41744
-29654	42349	40410
-30669	42056	39960
-31535	42616	38682
-32359	43570	36911
-33207	42349	37568
-33894	41115	38313
-32325	40347	40410
-31030	39715	42007
-31527	37973	43220
-31940	36101	44491
-32927	35309	44408
-33764	32948	45569
-33895	30305	47259
-33440	27860	49038
-32170	26518	50594
-31460	25113	51733
-30831	24877	52219
-29298	24846	53101
-28663	26541	52629
-28591	26754	52561
-26865	26400	53630
-27405	-670	59473
-26874	-3491	59615
-24530	-1286	60694
43174	22956	43732
41200	22650	45732
38983	23238	47338
38613	23848	47338
38702	24942	46703
38819	26381	45814
37226	27646	46382
36700	30146	45240
36336	32374	43987
38147	31670	42962
39622	29426	43220
40538	27343	43732
42434	25497	43048
-38944	32793	41391
-38260	35802	39506
-36841	38957	37848
-35235	42440	35581
-36608	42711	33839
-36385	41124	35963
-37383	39255	37006
-39295	36770	37568
-40677	35235	37568
-40960	33764	38590
-38925	31073	42703
-38032	31574	43134
-37308	40714	35485
-30673	51250	27287
-31437	51704	25513
65536	0	0
-31851	54288	18757
-32544	54591	16561
-34557	53827	14902
-35960	53112	14124
-34491	53518	16120
-33627	53397	18210
-37589	52697	11105
-36035	54031	9756
-35482	54636	8289
-37663	53389	6592
-38579	52326	9305
-20643	58292	22114
-22176	57768	22007
-29291	58236	7950
-26330	59981	4549
-21689	61933	2162
-21800	61902	-1480
-24244	60920	-3072
-28717	58877	-4094
-30314	58232	569
-30334	58023	5004
-30663	57668	6818
-37383	30056	44742
-37834	30856	43817
-39637	26735	44909
-36298	28461	46623
-39479	49631	-16644
-36641	51940	-16094
-34177	52828	-18395
-30551	53560	-22172
-24928	55208	-24924
-23862	53593	-29055
-23611	52780	-30668
-22959	49235	-36399
-27605	46863	-36304
-32481	44870	-34785
-38102	40291	-34689
-38546	37352	-37333
-40053	36701	-36399
-40219	34838	-37980
-41043	30369	-40777
-44032	27088	-39977
-48335	26025	-35548
-52082	25966	-29965
-53121	26832	-27315
-52865	29666	-24819
-52641	31880	-22492
-51802	34416	-20671
-51443	37238	-16315
-51079	39335	-12101
-49466	39346	-17412
-45810	43320	-17959
-46232	44025	-14991
-46006	44738	-13549
-43485	47289	-13216
-41275	48841	-14548
5474	-30733	57586
3369	-30525	57856
3416	-27829	59184
2109	-26807	59709
2078	-28999	58687
3355	-28567	58838
4848	-28666	58687
65536	0	0
1015	-21527	61817
736	-22189	61588
1953	-22332	61511
3134	-22306	61472
3661	-22116	61511
4006	-21617	61665
5709	-22900	61070
6381	-23167	60905
7577	-24480	60257
9269	-24794	59895
7471	-25064	60032
7048	-26491	59473
5760	-27334	59232
7289	-27396	59037
8693	-27743	58687
9781	-28249	58277
12705	-28404	57641
10655	-27050	58687
12758	-27486	58068
12509	-26586	58535
11980	-25694	59037
10622	-25271	59473
10116	-24914	59709
65536	0	0
11846	-24837	59425
12574	-23650	59756
11769	-23001	60168
10481	-22685	60521
8885	-22442	60863
8610	-21859	61111
8525	-21315	61313
8147	-21116	61432
7655	-20261	61779
6909	-20298	61854
5670	-19774	62146
4731	-19119	62426
3649	-19689	62323
2604	-18302	62792
1485	-19309	62528
1667	-20722	62074
1121	-18341	62824
65536	0	0
4380	-10321	64472
4940	-8913	64640
4780	-7956	64775
5522	-7601	64759
5234	-6677	64883
6584	-6701	64759
5447	-5741	64955
5875	-4591	65008
6424	-3785	65008
7050	-3593	64955
8166	-3637	64823
7816	-4790	64791
8017	-4445	64791
8582	-4094	64742
9485	-4027	64622
8812	-2527	64791
10072	-2662	64604
10231	-3325	64549
10781	-3819	64433
12006	-4418	64180
13332	-4722	63899
13923	-5068	63748
15859	-5617	63252
16845	-6467	62919
17421	-7396	62661
19922	-7929	61854
19744	-9418	61703
21069	-9381	61273
20980	-12359	60779
21495	-15446	59895
21003	-17939	59377
23741	-22373	56809
20273	-23738	57586
15932	-21531	59756
14989	-18644	60947
12669	-17567	61779
12986	-16925	61891
11296	-16134	62426
9405	-14483	63134
6985	-14197	63508
5630	-14668	63535
4750	-13798	63799
5108	-13310	63874
4095	-12240	64157
65536	0	0
34448	-3196	55641
35933	-3904	54657
36833	-3547	54084
36673	-3209	54213
37995	-3258	53300
37684	-2371	53564
38736	-1963	52832
39249	-2676	52425
39681	-3054	52081
40730	-3564	51240
40840	-1927	51240
41467	-3337	50666
41826	-3292	50376
41578	-1380	50666
41506	724	50738
39783	1111	52081
38971	0	52697
37177	-1104	53955
36484	-1785	54404
35135	-1780	55277
37900	-5665	53168
38482	-6717	52629
39421	-6668	51942
39743	-6937	51663
40089	-5278	51593
38481	-4045	52900
37299	-4514	53695
-12598	0	-63783
-12702	-6754	-63410
-12111	-12153	-62728
-7426	-16679	-62422
-3801	-18193	-62327
-1366	-19522	-62030
5844	-17989	-62230
7988	-21596	-60852
14883	-24771	-58337
12188	-21027	-60361
8638	-15584	-62547
9430	-10114	-63532
15685	-6951	-62728
21976	-1923	-61203
22747	5251	-60732
19541	11975	-60892
17682	17437	-60149
14270	21974	-59575
8272	22853	-60361
3340	25034	-59976
-3781	26561	-59301
-8634	24516	-59666
-15895	21093	-59485
-20317	15873	-59755
-21243	12864	-60149
-21569	7426	-60931
-20205	3091	-61753
-15669	4790	-62931
-13270	0	-63649
-50703	2568	-41130
-52019	4185	-39348
-52990	6131	-37796
-50000	4286	-41828
-49219	6043	-42519
-45852	9745	-45439
-45704	7484	-46004
-48725	5035	-43201
26098	-6896	59662
25445	-9011	59662
24506	-10809	59756
26628	-10597	58888
12629	17192	61891
10852	14827	62824
6208	13944	63643
9620	15395	62887
13422	5125	63849
12839	3681	64066
10215	3718	64530
12267	5283	64066
-1042	9908	64675
-2599	11718	64331
22571	-36404	49639
25098	-37211	47809
27005	-35322	48197
25492	-34959	49265
65536	0	0
9459	-59722	25618
10920	-60090	24141
40605	46710	-21530
41658	41950	-28137
44197	42236	-23554
44924	44146	-18177
42784	46690	-16974
42169	48001	-14770
41172	48893	-14659
40570	48178	-18177
9618	64358	8854
11256	63837	10544
65536	0	0
-56529	-25169	22007
25349	-56937	20713
14786	-60656	20388
22881	-58088	20388
20655	-58329	22007
18926	-59305	20929
17731	-59861	20388
65536	0	0
-31906	57322	-2276
-32727	56912	113
-33808	56265	1365
-37459	53895	1707
-34400	55915	569
-33802	56254	-1480
-35559	55175	-911
-35027	55406	-3413
-35253	55122	-5116
-33770	56202	-3072
-32169	56858	-6249
-35567	27787	47574
-30844	24271	52493
-32408	24332	51523
-34347	25882	49489
-35940	27577	47417
-18374	62428	-8396
-26390	59270	-9747
-24306	60460	-7719
-20482	61931	-7154
-17535	62801	-7380
-17958	63041	-3413
-15660	63753	-342
-12858	64346	2276
-9799	64791	4209
-5811	65110	6252
-9701	64904	2048
-13066	64220	-3640
-17449	62917	-6588
-50064	41268	-9747
-52438	38378	-9072
-54183	35456	-10533
-56074	31983	-11653
-55320	33899	-9747
-54935	35267	-6701
-51994	39895	-3640
-48057	44657	-2276
-46047	46693	-2845
-45021	47774	-683
-45407	47349	-2276
-44514	48070	-3981
-46355	46192	-5002
-48976	42874	-8283
-40793	27930	-42690
-40493	25302	-44539
-40064	28052	-43285
16951	591	63302
16869	1773	63302
16704	2945	63302
16458	4103	63302
16131	5241	63302
15726	6354	63302
15245	7435	63302
14689	8480	63302
14062	9485	63302
13366	10442	63302
12605	11349	63302
11782	12201	63302
10902	12993	63302
9969	13722	63302
8988	14384	63302
7963	14976	63302
6899	15495	63302
5801	15939	63302
4675	16304	63302
3526	16591	63302
2360	16796	63302
1183	16920	63302
0	16961	63302
-1184	16920	63302
-2361	16796	63302
-3527	16591	63302
-4676	16304	63302
-5802	15939	63302
-6900	15495	63302
-7964	14976	63302
-8989	14384	63302
-9970	13722	63302
-10903	12993	63302
-11783	12201	63302
-12606	11349	63302
-13367	10442	63302
-14063	9485	63302
-14690	8480	63302
-15246	7435	63302
-15727	6354	63302
-16132	5241	63302
-16459	4103	63302
-16705	2945	63302
-16870	1773	63302
-16952	591	63302
-16952	-592	63302
-16870	-1774	63302
-16705	-2946	63302
-16459	-4104	63302
-16132	-5242	63302
-15727	-6355	63302
-15246	-7436	63302
-14690	-8481	63302
-14063	-9486	63302
-13367	-10443	63302
-12606	-11350	63302
-11783	-12202	63302
-10903	-12994	63302
-9970	-13723	63302
-8989	-14385	63302
-7964	-14977	63302
-6900	-15496	63302
-5802	-15940	63302
-4676	-16305	63302
-3527	-16592	63302
-2361	-16797	63302
-1184	-16921	63302
0	-16962	63302
1183	-16921	63302
2360	-16797	63302
3526	-16592	63302
4675	-16305	63302
5801	-15940	63302
6899	-15496	63302
7963	-14977	63302
8988	-14385	63302
9969	-13723	63302
10902	-12994	63302
11782	-12202	63302
12605	-11350	63302
13366	-10443	63302
14062	-9486	63302
14689	-8481	63302
15245	-7436	63302
15726	-6355	63302
16131	-5242	63302
16458	-4104	63302
16704	-2946	63302
16869	-1774	63302
16951	-592	63302
32748	1143	56755
32588	3425	56755
32270	5690	56755
31794	7927	56755
31164	10125	56755
30381	12275	56755
29451	14364	56755
28377	16384	56755
27165	18323	56755
25821	20173	56755
24351	21926	56755
22762	23571	56755
21062	25101	56755
19260	26509	56755
17364	27788	56755
15383	28932	56755
13327	29935	56755
11207	30791	56755
9032	31498	56755
6812	32051	56755
4560	32449	56755
2285	32688	56755
0	32768	56755
-2286	32688	56755
-4561	32449	56755
-6813	32051	56755
-9033	31498	56755
-11208	30791	56755
-13328	29935	56755
-15384	28932	56755
-17365	27788	56755
-19261	26509	56755
-21063	25101	56755
-22763	23571	56755
-24352	21926	56755
-25822	20173	56755
-27166	18323	56755
-28378	16384	56755
-29452	14364	56755
-30382	12275	56755
-31165	10125	56755
-31795	7927	56755
-32271	5690	56755
-32589	3425	56755
-32749	1143	56755
-32749	-1144	56755
-32589	-3426	56755
-32271	-5691	56755
-31795	-7928	56755
-31165	-10126	56755
-30382	-12276	56755
-29452	-14365	56755
-28378	-16384	56755
-27166	-18324	56755
-25822	-20174	56755
-24352	-21927	56755
-22763	-23572	56755
-21063	-25102	56755
-19261	-26510	56755
-17365	-27789	56755
-15384	-28933	56755
-13328	-29936	56755
-11208	-30792	56755
-9033	-31499	56755
-6813	-32052	56755
-4561	-32450	56755
-2286	-32689	56755
0	-32768	56755
2285	-32689	56755
4560	-32450	56755
6812	-32052	56755
9032	-31499	56755
11207	-30792	56755
13327	-29936	56755
15383	-28933	56755
17364	-27789	56755
19260	-26510	56755
21062	-25102	56755
22762	-23572	56755
24351	-21927	56755
25821	-20174	56755
27165	-18324	56755
28377	-16384	56755
29451	-14365	56755
30381	-12276	56755
31164	-10126	56755
31794	-7928	56755
32270	-5691	56755
32588	-3426	56755
32748	-1144	56755
46312	1617	46340
46087	4843	46340
45636	8047	46340
44964	11210	46340
44072	14320	46340
42966	17359	46340
41650	20314	46340
40132	23170	46340
38418	25913	46340
36517	28530	46340
34438	31008	46340
32191	33334	46340
29787	35499	46340
27238	37490	46340
24556	39299	46340
21755	40916	46340
18848	42334	46340
15849	43546	46340
12773	44545	46340
9634	45328	46340
6449	45889	46340
3232	46228	46340
0	46340	46340
-3233	46228	46340
-6450	45889	46340
-9635	45328	46340
-12774	44545	46340
-15850	43546	46340
-18849	42334	46340
-21756	40916	46340
-24557	39299	46340
-27239	37490	46340
-29788	35499	46340
-32192	33334	46340
-34439	31008	46340
-36518	28530	46340
-38419	25913	46340
-40133	23170	46340
-41651	20314	46340
-42967	17359	46340
-44073	14320	46340
-44965	11210	46340
-45637	8047	46340
-46088	4843	46340
-46313	1617	46340
-46313	-1618	46340
-46088	-4844	46340
-45637	-8048	46340
-44965	-11211	46340
-44073	-14321	46340
-42967	-17360	46340
-41651	-20315	46340
-40133	-23171	46340
-38419	-25914	46340
-36518	-28531	46340
-34439	-31009	46340
-32192	-33335	46340
-29788	-35500	46340
-27239	-37491	46340
-24557	-39300	46340
-21756	-40917	46340
-18849	-42335	46340
-15850	-43547	46340
-12774	-44546	46340
-9635	-45329	46340
-6450	-45890	46340
-3233	-46229	46340
0	-46341	46340
3232	-46229	46340
6449	-45890	46340
9634	-45329	46340
12773	-44546	46340
15849	-43547	46340
18848	-42335	46340
21755	-40917	46340
24556	-39300	46340
27238	-37491	46340
29787	-35500	46340
32191	-33335	46340
34438	-31009	46340
36517	-28531	46340
38418	-25914	46340
40132	-23171	46340
41650	-20315	46340
42966	-17360	46340
44072	-14321	46340
44964	-11211	46340
45636	-8048	46340
46087	-4844	46340
46312	-1618	46340
56721	1980	32768
56444	5932	32768
55893	9855	32768
55069	13730	32768
53978	17538	32768
52623	21261	32768
51011	24880	32768
49152	28377	32768
47052	31737	32768
44724	34942	32768
42177	37977	32768
39425	40826	32768
36481	43477	32768
33360	45916	32768
30076	48131	32768
26645	50112	32768
23084	51849	32768
19411	53333	32768
15644	54557	32768
11800	55515	32768
7898	56203	32768
3959	56617	32768
0	56755	32768
-3960	56617	32768
-7899	56203	32768
-11801	55515	32768
-15645	54557	32768
-19412	53333	32768
-23085	51849	32768
-26646	50112	32768
-30077	48131	32768
-33361	45916	32768
-36482	43477	32768
-39426	40826	32768
-42178	37977	32768
-44725	34942	32768
-47053	31737	32768
-49152	28377	32768
-51012	24880	32768
-52624	21261	32768
-53979	17538	32768
-55070	13730	32768
-55894	9855	32768
-56445	5932	32768
-56722	1980	32768
-56722	-1981	32768
-56445	-5933	32768
-55894	-9856	32768
-55070	-13731	32768
-53979	-17539	32768
-52624	-21262	32768
-51012	-24881	32768
-49152	-28378	32768
-47053	-31738	32768
-44725	-34943	32768
-42178	-37978	32768
-39426	-40827	32768
-36482	-43478	32768
-33361	-45917	32768
-30077	-48132	32768
-26646	-50113	32768
-23085	-51850	32768
-19412	-53334	32768
-15645	-54558	32768
-11801	-55516	32768
-7899	-56204	32768
-3960	-56618	32768
0	-56756	32768
3959	-56618	32768
7898	-56204	32768
11800	-55516	32768
15644	-54558	32768
19411	-53334	32768
23084	-51850	32768
26645	-50113	32768
30076	-48132	32768
33360	-45917	32768
36481	-43478	32768
39425	-40827	32768
42177	-37978	32768
44724	-34943	32768
47052	-31738	32768
49152	-28378	32768
51011	-24881	32768
52623	-21262	32768
53978	-17539	32768
55069	-13731	32768
55893	-9856	32768
56444	-5933	32768
56721	-1981	32768
63264	2209	16961
62956	6616	16961
62341	10992	16961
61422	15314	16961
60204	19561	16961
58693	23713	16961
56896	27750	16961
54821	31651	16961
52480	35398	16961
49883	38973	16961
47043	42357	16961
43973	45536	16961
40690	48492	16961
37208	51213	16961
33545	53683	16961
29718	55893	16961
25747	57830	16961
21650	59485	16961
17448	60850	16961
13161	61919	16961
8810	62686	16961
4415	63148	16961
0	63302	16961
-4416	63148	16961
-8811	62686	16961
-13162	61919	16961
-17449	60850	16961
-21651	59485	16961
-25748	57830	16961
-29719	55893	16961
-33546	53683	16961
-37209	51213	16961
-40691	48492	16961
-43974	45536	16961
-47044	42357	16961
-49884	38973	16961
-52481	35398	16961
-54822	31651	16961
-56897	27750	16961
-58694	23713	16961
-60205	19561	16961
-61423	15314	16961
-62342	10992	16961
-62957	6616	16961
-63265	2209	16961
-63265	-2210	16961
-62957	-6617	16961
-62342	-10993	16961
-61423	-15315	16961
-60205	-19562	16961
-58694	-23714	16961
-56897	-27751	16961
-54822	-31652	16961
-52481	-35399	16961
-49884	-38974	16961
-47044	-42358	16961
-43974	-45537	16961
-40691	-48493	16961
-37209	-51214	16961
-33546	-53684	16961
-29719	-55894	16961
-25748	-57831	16961
-21651	-59486	16961
-17449	-60851	16961
-13162	-61920	16961
-8811	-62687	16961
-4416	-63149	16961
0	-63303	16961
4415	-63149	16961
8810	-62687	16961
13161	-61920	16961
17448	-60851	16961
21650	-59486	16961
25747	-57831	16961
29718	-55894	16961
33545	-53684	16961
37208	-51214	16961
40690	-48493	16961
43973	-45537	16961
47043	-42358	16961
49883	-38974	16961
52480	-35399	16961
54821	-31652	16961
56896	-27751	16961
58693	-23714	16961
60204	-19562	16961
61422	-15315	16961
62341	-10993	16961
62956	-6617	16961
63264	-2210	16961
65496	2287	0
65176	6850	0
64540	11380	0
63589	15854	0
62328	20251	0
60763	24550	0
58903	28729	0
56755	32768	0
54331	36647	0
51643	40347	0
48702	43852	0
45525	47142	0
42125	50203	0
38521	53019	0
34728	55577	0
30767	57864	0
26655	59870	0
22414	61583	0
18064	62997	0
13625	64103	0
9120	64898	0
4571	65376	0
0	65536	0
-4572	65376	0
-9121	64898	0
-13626	64103	0
-18065	62997	0
-22415	61583	0
-26656	59870	0
-30768	57864	0
-34729	55577	0
-38522	53019	0
-42126	50203	0
-45526	47142	0
-48703	43852	0
-51644	40347	0
-54332	36647	0
-56756	32768	0
-58904	28729	0
-60764	24550	0
-62329	20251	0
-63590	15854	0
-64541	11380	0
-65177	6850	0
-65497	2287	0
-65497	-2288	0
-65177	-6851	0
-64541	-11381	0
-63590	-15855	0
-62329	-20252	0
-60764	-24551	0
-58904	-28730	0
-56756	-32768	0
-54332	-36648	0
-51644	-40348	0
-48703	-43853	0
-45526	-47143	0
-42126	-50204	0
-38522	-53020	0
-34729	-55578	0
-30768	-57865	0
-26656	-59871	0
-22415	-61584	0
-18065	-62998	0
-13626	-64104	0
-9121	-64899	0
-4572	-65377	0
0	-65536	0
4571	-65377	0
9120	-64899	0
13625	-64104	0
18064	-62998	0
22414	-61584	0
26655	-59871	0
30767	-57865	0
34728	-55578	0
38521	-53020	0
42125	-50204	0
45525	-47143	0
48702	-43853	0
51643	-40348	0
54331	-36648	0
56755	-32768	0
58903	-28730	0
60763	-24551	0
62328	-20252	0
63589	-15855	0
64540	-11381	0
65176	-6851	0
65496	-2288	0
16951	591	-63303
16869	1773	-63303
16704	2945	-63303
16458	4103	-63303
16131	5241	-63303
15726	6354	-63303
15245	7435	-63303
14689	8480	-63303
14062	9485	-63303
13366	10442	-63303
12605	11349	-63303
11782	12201	-63303
10902	12993	-63303
9969	13722	-63303
8988	14384	-63303
7963	14976	-63303
6899	15495	-63303
5801	15939	-63303
4675	16304	-63303
3526	16591	-63303
2360	16796	-63303
1183	16920	-63303
0	16961	-63303
-1184	16920	-63303
-2361	16796	-63303
-3527	16591	-63303
-4676	16304	-63303
-5802	15939	-63303
-6900	15495	-63303
-7964	14976	-63303
-8989	14384	-63303
-9970	13722	-63303
-10903	12993	-63303
-11783	12201	-63303
-12606	11349	-63303
-13367	10442	-63303
-14063	9485	-63303
-14690	8480	-63303
-15246	7435	-63303
-15727	6354	-63303
-16132	5241	-63303
-16459	4103	-63303
-16705	2945	-63303
-16870	1773	-63303
-16952	591	-63303
-16952	-592	-63303
-16870	-1774	-63303
-16705	-2946	-63303
-16459	-4104	-63303
-16132	-5242	-63303
-15727	-6355	-63303
-15246	-7436	-63303
-14690	-8481	-63303
-14063	-9486	-63303
-13367	-10443	-63303
-12606	-11350	-63303
-11783	-12202	-63303
-10903	-12994	-63303
-9970	-13723	-63303
-8989	-14385	-63303
-7964	-14977	-63303
-6900	-15496	-63303
-5802	-15940	-63303
-4676	-16305	-63303
-3527	-16592	-63303
-2361	-16797	-63303
-1184	-16921	-63303
0	-16962	-63303
1183	-16921	-63303
2360	-16797	-63303
3526	-16592	-63303
4675	-16305	-63303
5801	-15940	-63303
6899	-15496	-63303
7963	-14977	-63303
8988	-14385	-63303
9969	-13723	-63303
10902	-12994	-63303
11782	-12202	-63303
12605	-11350	-63303
13366	-10443	-63303
14062	-9486	-63303
14689	-8481	-63303
15245	-7436	-63303
15726	-6355	-63303
16131	-5242	-63303
16458	-4104	-63303
16704	-2946	-63303
16869	-1774	-63303
16951	-592	-63303
32748	1143	-56756
32588	3425	-56756
32270	5690	-56756
31794	7927	-56756
31164	10125	-56756
30381	12275	-56756
29451	14364	-56756
28377	16384	-56756
27165	18323	-56756
25821	20173	-56756
24351	21926	-56756
22762	23571	-56756
21062	25101	-56756
19260	26509	-56756
17364	27788	-56756
15383	28932	-56756
13327	29935	-56756
11207	30791	-56756
9032	31498	-56756
6812	32051	-56756
4560	32449	-56756
2285	32688	-56756
0	32768	-56756
-2286	32688	-56756
-4561	32449	-56756
-6813	32051	-56756
-9033	31498	-56756
-11208	30791	-56756
-13328	29935	-56756
-15384	28932	-56756
-17365	27788	-56756
-19261	26509	-56756
-21063	25101	-56756
-22763	23571	-56756
-24352	21926	-56756
-25822	20173	-56756
-27166	18323	-56756
-28378	16384	-56756
-29452	14364	-56756
-30382	12275	-56756
-31165	10125	-56756
-31795	7927	-56756
-32271	5690	-56756
-32589	3425	-56756
-32749	1143	-56756
-32749	-1144	-56756
-32589	-3426	-56756
-32271	-5691	-56756
-31795	-7928	-56756
-31165	-10126	-56756
-30382	-12276	-56756
-29452	-14365	-56756
-28378	-16384	-56756
-27166	-18324	-56756
-25822	-20174	-56756
-24352	-21927	-56756
-22763	-23572	-56756
-21063	-25102	-56756
-19261	-26510	-56756
-17365	-27789	-56756
-15384	-28933	-56756
-13328	-29936	-56756
-11208	-30792	-56756
-9033	-31499	-56756
-6813	-32052	-56756
-4561	-32450	-56756
-2286	-32689	-56756
0	-32768	-56756
2285	-32689	-56756
4560	-32450	-56756
6812	-32052	-56756
9032	-31499	-56756
11207	-30792	-56756
13327	-29936	-56756
15383	-28933	-56756
17364	-27789	-56756
19260	-26510	-56756
21062	-25102	-56756
22762	-23572	-56756
24351	-21927	-56756
25821	-20174	-56756
27165	-18324	-56756
28377	-16384	-56756
29451	-14365	-56756
30381	-12276	-56756
31164	-10126	-56756
31794	-7928	-56756
32270	-5691	-56756
32588	-3426	-56756
32748	-1144	-56756
46312	1617	-46341
46087	4843	-46341
45636	8047	-46341
44964	11210	-46341
44072	14320	-46341
42966	17359	-46341
41650	20314	-46341
40132	23170	-46341
38418	25913	-46341
36517	28530	-46341
34438	31008	-46341
32191	33334	-46341
29787	35499	-46341
27238	37490	-46341
24556	39299	-46341
21755	40916	-46341
18848	42334	-46341
15849	43546	-46341
12773	44545	-46341
9634	45328	-46341
6449	45889	-46341
3232	46228	-46341
0	46340	-46341
-3233	46228	-46341
-6450	45889	-46341
-9635	45328	-46341
-12774	44545	-46341
-15850	43546	-46341
-18849	42334	-46341
-21756	40916	-46341
-24557	39299	-46341
-27239	37490	-46341
-29788	35499	-46341
-32192	33334	-46341
-34439	31008	-46341
-36518	28530	-46341
-38419	25913	-46341
-40133	23170	-46341
-41651	20314	-46341
-42967	17359	-46341
-44073	14320	-46341
-44965	11210	-46341
-45637	8047	-46341
-46088	4843	-46341
-46313	1617	-46341
-46313	-1618	-46341
-46088	-4844	-46341
-45637	-8048	-46341
-44965	-11211	-46341
-44073	-14321	-46341
-42967	-17360	-46341
-41651	-20315	-46341
-40133	-23171	-46341
-38419	-25914	-46341
-36518	-28531	-46341
-34439	-31009	-46341
-32192	-33335	-46341
-29788	-35500	-46341
-27239	-37491	-46341
-24557	-39300	-46341
-21756	-40917	-46341
-18849	-42335	-46341
-15850	-43547	-46341
-12774	-44546	-46341
-9635	-45329	-46341
-6450	-45890	-46341
-3233	-46229	-46341
0	-46341	-46341
3232	-46229	-46341
6449	-45890	-46341
9634	-45329	-46341
12773	-44546	-46341
15849	-43547	-46341
18848	-42335	-46341
21755	-40917	-46341
24556	-39300	-46341
27238	-37491	-46341
29787	-35500	-46341
32191	-33335	-46341
34438	-31009	-46341
36517	-28531	-46341
38418	-25914	-46341
40132	-23171	-46341
41650	-20315	-46341
42966	-17360	-46341
44072	-14321	-46341
44964	-11211	-46341
45636	-8048	-46341
46087	-4844	-46341
46312	-1618	-46341
56721	1980	-32768
56444	5932	-32768
55893	9855	-32768
55069	13730	-32768
53978	17538	-32768
52623	21261	-32768
51011	24880	-32768
49152	28377	-32768
47052	31737	-32768
44724	34942	-32768
42177	37977	-32768
39425	40826	-32768
36481	43477	-32768
33360	45916	-32768
30076	48131	-32768
26645	50112	-32768
23084	51849	-32768
19411	53333	-32768
15644	54557	-32768
11800	55515	-32768
7898	56203	-32768
3959	56617	-32768
0	56755	-32768
-3960	56617	-32768
-7899	56203	-32768
-11801	55515	-32768
-15645	54557	-32768
-19412	53333	-32768
-23085	51849	-32768
-26646	50112	-32768
-30077	48131	-32768
-33361	45916	-32768
-36482	43477	-32768
-39426	40826	-32768
-42178	37977	-32768
-44725	34942	-32768
-47053	31737	-32768
-49152	28377	-32768
-51012	24880	-32768
-52624	21261	-32768
-53979	17538	-32768
-55070	13730	-32768
-55894	9855	-32768
-56445	5932	-32768
-56722	1980	-32768
-56722	-1981	-32768
-56445	-5933	-32768
-55894	-9856	-32768
-55070	-13731	-32768
-53979	-17539	-32768
-52624	-21262	-32768
-51012	-24881	-32768
-49152	-28378	-32768
-47053	-31738	-32768
-44725	-34943	-32768
-42178	-37978	-32768
-39426	-40827	-32768
-36482	-43478	-32768
-33361	-45917	-32768
-30077	-48132	-32768
-26646	-50113	-32768
-23085	-51850	-32768
-19412	-53334	-32768
-15645	-54558	-32768
-11801	-55516	-32768
-7899	-56204	-32768
-3960	-56618	-32768
0	-56756	-32768
3959	-56618	-32768
7898	-56204	-32768
11800	-55516	-32768
15644	-54558	-32768
19411	-53334	-32768
23084	-51850	-32768
26645	-50113	-32768
30076	-48132	-32768
33360	-45917	-32768
36481	-43478	-32768
39425	-40827	-32768
42177	-37978	-32768
44724	-34943	-32768
47052	-31738	-32768
49152	-28378	-32768
51011	-24881	-32768
52623	-21262	-32768
53978	-17539	-32768
55069	-13731	-32768
55893	-9856	-32768
56444	-5933	-32768
56721	-1981	-32768
63264	2209	-16962
62956	6616	-16962
62341	10992	-16962
61422	15314	-16962
60204	19561	-16962
58693	23713	-16962
56896	27750	-16962
54821	31651	-16962
52480	35398	-16962
49883	38973	-16962
47043	42357	-16962
43973	45536	-16962
40690	48492	-16962
37208	51213	-16962
33545	53683	-16962
29718	55893	-16962
25747	57830	-16962
21650	59485	-16962
17448	60850	-16962
13161	61919	-16962
8810	62686	-16962
4415	63148	-16962
0	63302	-16962
-4416	63148	-16962
-8811	62686	-16962
-13162	61919	-16962
-17449	60850	-16962
-21651	59485	-16962
-25748	57830	-16962
-29719	55893	-16962
-33546	53683	-16962
-37209	51213	-16962
-40691	48492	-16962
-43974	45536	-16962
-47044	42357	-16962
-49884	38973	-16962
-52481	35398	-16962
-54822	31651	-16962
-56897	27750	-16962
-58694	23713	-16962
-60205	19561	-16962
-61423	15314	-16962
-62342	10992	-16962
-62957	6616	-16962
-63265	2209	-16962
-63265	-2210	-16962
-62957	-6617	-16962
-62342	-10993	-16962
-61423	-15315	-16962
-60205	-19562	-16962
-58694	-23714	-16962
-56897	-27751	-16962
-54822	-31652	-16962
-52481	-35399	-16962
-49884	-38974	-16962
-47044	-42358	-16962
-43974	-45537	-16962
-40691	-48493	-16962
-37209	-51214	-16962
-33546	-53684	-16962
-29719	-55894	-16962
-25748	-57831	-16962
-21651	-59486	-16962
-17449	-60851	-16962
-13162	-61920	-16962
-8811	-62687	-16962
-4416	-63149	-16962
0	-63303	-16962
4415	-63149	-16962
8810	-62687	-16962
13161	-61920	-16962
17448	-60851	-16962
21650	-59486	-16962
25747	-57831	-16962
29718	-55894	-16962
33545	-53684	-16962
37208	-51214	-16962
40690	-48493	-16962
43973	-45537	-16962
47043	-42358	-16962
49883	-38974	-16962
52480	-35399	-16962
54821	-31652	-16962
56896	-27751	-16962
58693	-23714	-16962
60204	-19562	-16962
61422	-15315	-16962
62341	-10993	-16962
62956	-6617	-16962
63264	-2210	-16962
65496	2287	0
65176	6850	0
64540	11380	0
63589	15854	0
62328	20251	0
60763	24550	0
58903	28729	0
56755	32768	0
54331	36647	0
51643	40347	0
48702	43852	0
45525	47142	0
42125	50203	0
38521	53019	0
34728	55577	0
30767	57864	0
26655	59870	0
22414	61583	0
18064	62997	0
13625	64103	0
9120	64898	0
4571	65376	0
0	65536	0
-4572	65376	0
-9121	64898	0
-13626	64103	0
-18065	62997	0
-22415	61583	0
-26656	59870	0
-30768	57864	0
-34729	55577	0
-38522	53019	0
-42126	50203	0
-45526	47142	0
-48703	43852	0
-51644	40347	0
-54332	36647	0
-56756	32768	0
-58904	28729	0
-60764	24550	0
-62329	20251	0
-63590	15854	0
-64541	11380	0
-65177	6850	0
-65497	2287	0
-65497	-2288	0
-65177	-6851	0
-64541	-11381	0
-63590	-15855	0
-62329	-20252	0
-60764	-24551	0
-58904	-28730	0
-56756	-32768	0
-54332	-36648	0
-51644	-40348	0
-48703	-43853	0
-45526	-47143	0
-42126	-50204	0
-38522	-53020	0
-34729	-55578	0
-30768	-57865	0
-26656	-59871	0
-22415	-61584	0
-18065	-62998	0
-13626	-64104	0
-9121	-64899	0
-4572	-65377	0
0	-65536	0
4571	-65377	0
9120	-64899	0
13625	-64104	0
18064	-62998	0
22414	-61584	0
26655	-59871	0
30767	-57865	0
34728	-55578	0
38521	-53020	0
42125	-50204	0
45525	-47143	0
48702	-43853	0
51643	-40348	0
54331	-36648	0
56755	-32768	0
58903	-28730	0
60763	-24551	0
62328	-20252	0
63589	-15855	0
64540	-11381	0
65176	-6851	0
65496	-2288	0
65496	0	2287
65176	0	6850
64540	0	11380
63589	0	15854
62328	0	20251
60763	0	24550
58903	0	28729
56755	0	32768
54331	0	36647
51643	0	40347
48702	0	43852
45525	0	47142
42125	0	50203
38521	0	53019
34728	0	55577
30767	0	57864
26655	0	59870
22414	0	61583
18064	0	62997
13625	0	64103
9120	0	64898
4571	0	65376
0	0	65536
-4572	0	65376
-9121	0	64898
-13626	0	64103
-18065	0	62997
-22415	0	61583
-26656	0	59870
-30768	0	57864
-34729	0	55577
-38522	0	53019
-42126	0	50203
-45526	0	47142
-48703	0	43852
-51644	0	40347
-54332	0	36647
-56756	0	32768
-58904	0	28729
-60764	0	24550
-62329	0	20251
-63590	0	15854
-64541	0	11380
-65177	0	6850
-65497	0	2287
-65497	0	-2288
-65177	0	-6851
-64541	0	-11381
-63590	0	-15855
-62329	0	-20252
-60764	0	-24551
-58904	0	-28730
-56756	0	-32768
-54332	0	-36648
-51644	0	-40348
-48703	0	-43853
-45526	0	-47143
-42126	0	-50204
-38522	0	-53020
-34729	0	-55578
-30768	0	-57865
-26656	0	-59871
-22415	0	-61584
-18065	0	-62998
-13626	0	-64104
-9121	0	-64899
-4572	0	-65377
0	0	-65536
4571	0	-65377
9120	0	-64899
13625	0	-64104
18064	0	-62998
22414	0	-61584
26655	0	-59871
30767	0	-57865
34728	0	-55578
38521	0	-53020
42125	0	-50204
45525	0	-47143
48702	0	-43853
51643	0	-40348
54331	0	-36648
56755	0	-32768
58903	0	-28730
60763	0	-24551
62328	0	-20252
63589	0	-15855
64540	0	-11381
65176	0	-6851
65496	0	-2288
56721	32748	2287
56444	32588	6850
55893	32270	11380
55069	31794	15854
53978	31164	20251
52623	30381	24550
51011	29451	28729
49152	28377	32768
47052	27165	36647
44724	25821	40347
42177	24351	43852
39425	22762	47142
36481	21062	50203
33360	19260	53019
30076	17364	55577
26645	15383	57864
23084	13327	59870
19411	11207	61583
15644	9032	62997
11800	6812	64103
7898	4560	64898
3959	2285	65376
0	0	65536
-3960	-2286	65376
-7899	-4561	64898
-11801	-6813	64103
-15645	-9033	62997
-19412	-11208	61583
-23085	-13328	59870
-26646	-15384	57864
-30077	-17365	55577
-33361	-19261	53019
-36482	-21063	50203
-39426	-22763	47142
-42178	-24352	43852
-44725	-25822	40347
-47053	-27166	36647
-49152	-28378	32768
-51012	-29452	28729
-52624	-30382	24550
-53979	-31165	20251
-55070	-31795	15854
-55894	-32271	11380
-56445	-32589	6850
-56722	-32749	2287
-56722	-32749	-2288
-56445	-32589	-6851
-55894	-32271	-11381
-55070	-31795	-15855
-53979	-31165	-20252
-52624	-30382	-24551
-51012	-29452	-28730
-49152	-28378	-32768
-47053	-27166	-36648
-44725	-25822	-40348
-42178	-24352	-43853
-39426	-22763	-47143
-36482	-21063	-50204
-33361	-19261	-53020
-30077	-17365	-55578
-26646	-15384	-57865
-23085	-13328	-59871
-19412	-11208	-61584
-15645	-9033	-62998
-11801	-6813	-64104
-7899	-4561	-64899
-3960	-2286	-65377
0	0	-65536
3959	2285	-65377
7898	4560	-64899
11800	6812	-64104
15644	9032	-62998
19411	11207	-61584
23084	13327	-59871
26645	15383	-57865
30076	17364	-55578
33360	19260	-53020
36481	21062	-50204
39425	22762	-47143
42177	24351	-43853
44724	25821	-40348
47052	27165	-36648
49152	28377	-32768
51011	29451	-28730
52623	30381	-24551
53978	31164	-20252
55069	31794	-15855
55893	32270	-11381
56444	32588	-6851
56721	32748	-2288
32748	56721	2287
32588	56444	6850
32270	55893	11380
31794	55069	15854
31164	53978	20251
30381	52623	24550
29451	51011	28729
28377	49152	32768
27165	47052	36647
25821	44724	40347
24351	42177	43852
22762	39425	47142
21062	36481	50203
19260	33360	53019
17364	30076	55577
15383	26645	57864
13327	23084	59870
11207	19411	61583
9032	15644	62997
6812	11800	64103
4560	7898	64898
2285	3959	65376
0	0	65536
-2286	-3960	65376
-4561	-7899	64898
-6813	-11801	64103
-9033	-15645	62997
-11208	-19412	61583
-13328	-23085	59870
-15384	-26646	57864
-17365	-30077	55577
-19261	-33361	53019
-21063	-36482	50203
-22763	-39426	47142
-24352	-42178	43852
-25822	-44725	40347
-27166	-47053	36647
-28378	-49152	32768
-29452	-51012	28729
-30382	-52624	24550
-31165	-53979	20251
-31795	-55070	15854
-32271	-55894	11380
-32589	-56445	6850
-32749	-56722	2287
-32749	-56722	-2288
-32589	-56445	-6851
-32271	-55894	-11381
-31795	-55070	-15855
-31165	-53979	-20252
-30382	-52624	-24551
-29452	-51012	-28730
-28378	-49152	-32768
-27166	-47053	-36648
-25822	-44725	-40348
-24352	-42178	-43853
-22763	-39426	-47143
-21063	-36482	-50204
-19261	-33361	-53020
-17365	-30077	-55578
-15384	-26646	-57865
-13328	-23085	-59871
-11208	-19412	-61584
-9033	-15645	-62998
-6813	-11801	-64104
-4561	-7899	-64899
-2286	-3960	-65377
0	0	-65536
2285	3959	-65377
4560	7898	-64899
6812	11800	-64104
9032	15644	-62998
11207	19411	-61584
13327	23084	-59871
15383	26645	-57865
17364	30076	-55578
19260	33360	-53020
21062	36481	-50204
22762	39425	-47143
24351	42177	-43853
25821	44724	-40348
27165	47052	-36648
28377	49152	-32768
29451	51011	-28730
30381	52623	-24551
31164	53978	-20252
31794	55069	-15855
32270	55893	-11381
32588	56444	-6851
32748	56721	-2288
0	65496	2287
0	65176	6850
0	64540	11380
0	63589	15854
0	62328	20251
0	60763	24550
0	58903	28729
0	56755	32768
0	54331	36647
0	51643	40347
0	48702	43852
0	45525	47142
0	42125	50203
0	38521	53019
0	34728	55577
0	30767	57864
0	26655	59870
0	22414	61583
0	18064	62997
0	13625	64103
0	9120	64898
0	4571	65376
0	0	65536
0	-4572	65376
0	-9121	64898
0	-13626	64103
0	-18065	62997
0	-22415	61583
0	-26656	59870
0	-30768	57864
0	-34729	55577
0	-38522	53019
0	-42126	50203
0	-45526	47142
0	-48703	43852
0	-51644	40347
0	-54332	36647
0	-56756	32768
0	-58904	28729
0	-60764	24550
0	-62329	20251
0	-63590	15854
0	-64541	11380
0	-65177	6850
0	-65497	2287
0	-65497	-2288
0	-65177	-6851
0	-64541	-11381
0	-63590	-15855
0	-62329	-20252
0	-60764	-24551
0	-58904	-28730
0	-56756	-32768
0	-54332	-36648
0	-51644	-40348
0	-48703	-43853
0	-45526	-47143
0	-42126	-50204
0	-38522	-53020
0	-34729	-55578
0	-30768	-57865
0	-26656	-59871
0	-22415	-61584
0	-18065	-62998
0	-13626	-64104
0	-9121	-64899
0	-4572	-65377
0	0	-65536
0	4571	-65377
0	9120	-64899
0	13625	-64104
0	18064	-62998
0	22414	-61584
0	26655	-59871
0	30767	-57865
0	34728	-55578
0	38521	-53020
0	42125	-50204
0	45525	-47143
0	48702	-43853
0	51643	-40348
0	54331	-36648
0	56755	-32768
0	58903	-28730
0	60763	-24551
0	62328	-20252
0	63589	-15855
0	64540	-11381
0	65176	-6851
0	65496	-2288
-32749	56721	2287
-32589	56444	6850
-32271	55893	11380
-31795	55069	15854
-31165	53978	20251
-30382	52623	24550
-29452	51011	28729
-28378	49152	32768
-27166	47052	36647
-25822	44724	40347
-24352	42177	43852
-22763	39425	47142
-21063	36481	50203
-19261	33360	53019
-17365	30076	55577
-15384	26645	57864
-13328	23084	59870
-11208	19411	61583
-9033	15644	62997
-6813	11800	64103
-4561	7898	64898
-2286	3959	65376
0	0	65536
2285	-3960	65376
4560	-7899	64898
6812	-11801	64103
9032	-15645	62997
11207	-19412	61583
13327	-23085	59870
15383	-26646	57864
17364	-30077	55577
19260	-33361	53019
21062	-36482	50203
22762	-39426	47142
24351	-42178	43852
25821	-44725	40347
27165	-47053	36647
28377	-49152	32768
29451	-51012	28729
30381	-52624	24550
31164	-53979	20251
31794	-55070	15854
32270	-55894	11380
32588	-56445	6850
32748	-56722	2287
32748	-56722	-2288
32588	-56445	-6851
32270	-55894	-11381
31794	-55070	-15855
31164	-53979	-20252
30381	-52624	-24551
29451	-51012	-28730
28377	-49152	-32768
27165	-47053	-36648
25821	-44725	-40348
24351	-42178	-43853
22762	-39426	-47143
21062	-36482	-50204
19260	-33361	-53020
17364	-30077	-55578
15383	-26646	-57865
13327	-23085	-59871
11207	-19412	-61584
9032	-15645	-62998
6812	-11801	-64104
4560	-7899	-64899
2285	-3960	-65377
0	0	-65536
-2286	3959	-65377
-4561	7898	-64899
-6813	11800	-64104
-9033	15644	-62998
-11208	19411	-61584
-13328	23084	-59871
-15384	26645	-57865
-17365	30076	-55578
-19261	33360	-53020
-21063	36481	-50204
-22763	39425	-47143
-24352	42177	-43853
-25822	44724	-40348
-27166	47052	-36648
-28378	49152	-32768
-29452	51011	-28730
-30382	52623	-24551
-31165	53978	-20252
-31795	55069	-15855
-32271	55893	-11381
-32589	56444	-6851
-32749	56721	-2288
-56722	32748	2287
-56445	32588	6850
-55894	32270	11380
-55070	31794	15854
-53979	31164	20251
-52624	30381	24550
-51012	29451	28729
-49152	28377	32768
-47053	27165	36647
-44725	25821	40347
-42178	24351	43852
-39426	22762	47142
-36482	21062	50203
-33361	19260	53019
-30077	17364	55577
-26646	15383	57864
-23085	13327	59870
-19412	11207	61583
-15645	9032	62997
-11801	6812	64103
-7899	4560	64898
-3960	2285	65376
0	0	65536
3959	-2286	65376
7898	-4561	64898
11800	-6813	64103
15644	-9033	62997
19411	-11208	61583
23084	-13328	59870
26645	-15384	57864
30076	-17365	55577
33360	-19261	53019
36481	-21063	50203
39425	-22763	47142
42177	-24352	43852
44724	-25822	40347
47052	-27166	36647
49152	-28378	32768
51011	-29452	28729
52623	-30382	24550
53978	-31165	20251
55069	-31795	15854
55893	-32271	11380
56444	-32589	6850
56721	-32749	2287
56721	-32749	-2288
56444	-32589	-6851
55893	-32271	-11381
55069	-31795	-15855
53978	-31165	-20252
52623	-30382	-24551
51011	-29452	-28730
49152	-28378	-32768
47052	-27166	-36648
44724	-25822	-40348
42177	-24352	-43853
39425	-22763	-47143
36481	-21063	-50204
33360	-19261	-53020
30076	-17365	-55578
26645	-15384	-57865
23084	-13328	-59871
19411	-11208	-61584
15644	-9033	-62998
11800	-6813	-64104
7898	-4561	-64899
3959	-2286	-65377
0	0	-65536
-3960	2285	-65377
-7899	4560	-64899
-11801	6812	-64104
-15645	9032	-62998
-19412	11207	-61584
-23085	13327	-59871
-26646	15383	-57865
-30077	17364	-55578
-33361	19260	-53020
-36482	21062	-50204
-39426	22762	-47143
-42178	24351	-43853
-44725	25821	-40348
-47053	27165	-36648
-49152	28377	-32768
-51012	29451	-28730
-52624	30381	-24551
-53979	31164	-20252
-55070	31794	-15855
-55894	32270	-11381
-56445	32588	-6851
-56722	32748	-2288
-65497	0	2287
-65177	0	6850
-64541	0	11380
-63590	0	15854
-62329	0	20251
-60764	0	24550
-58904	0	28729
-56756	0	32768
-54332	0	36647
-51644	0	40347
-48703	0	43852
-45526	0	47142
-42126	0	50203
-38522	0	53019
-34729	0	55577
-30768	0	57864
-26656	0	59870
-22415	0	61583
-18065	0	62997
-13626	0	64103
-9121	0	64898
-4572	0	65376
0	0	65536
4571	0	65376
9120	0	64898
13625	0	64103
18064	0	62997
22414	0	61583
26655	0	59870
30767	0	57864
34728	0	55577
38521	0	53019
42125	0	50203
45525	0	47142
48702	0	43852
51643	0	40347
54331	0	36647
56755	0	32768
58903	0	28729
60763	0	24550
62328	0	20251
63589	0	15854
64540	0	11380
65176	0	6850
65496	0	2287
65496	0	-2288
65176	0	-6851
64540	0	-11381
63589	0	-15855
62328	0	-20252
60763	0	-24551
58903	0	-28730
56755	0	-32768
54331	0	-36648
51643	0	-40348
48702	0	-43853
45525	0	-47143
42125	0	-50204
38521	0	-53020
34728	0	-55578
30767	0	-57865
26655	0	-59871
22414	0	-61584
18064	0	-62998
13625	0	-64104
9120	0	-64899
4571	0	-65377
0	0	-65536
-4572	0	-65377
-9121	0	-64899
-13626	0	-64104
-18065	0	-62998
-22415	0	-61584
-26656	0	-59871
-30768	0	-57865
-34729	0	-55578
-38522	0	-53020
-42126	0	-50204
-45526	0	-47143
-48703	0	-43853
-51644	0	-40348
-54332	0	-36648
-56756	0	-32768
-58904	0	-28730
-60764	0	-24551
-62329	0	-20252
-63590	0	-15855
-64541	0	-11381
-65177	0	-6851
-65497	0	-2288
-56722	-32749	2287
-56445	-32589	6850
-55894	-32271	11380
-55070	-31795	15854
-53979	-31165	20251
-52624	-30382	24550
-51012	-29452	28729
-49152	-28378	32768
-47053	-27166	36647
-44725	-25822	40347
-42178	-24352	43852
-39426	-22763	47142
-36482	-21063	50203
-33361	-19261	53019
-30077	-17365	55577
-26646	-15384	57864
-23085	-13328	59870
-19412	-11208	61583
-15645	-9033	62997
-11801	-6813	64103
-7899	-4561	64898
-3960	-2286	65376
0	0	65536
3959	2285	65376
7898	4560	64898
11800	6812	64103
15644	9032	62997
19411	11207	61583
23084	13327	59870
26645	15383	57864
30076	17364	55577
33360	19260	53019
36481	21062	50203
39425	22762	47142
42177	24351	43852
44724	25821	40347
47052	27165	36647
49152	28377	32768
51011	29451	28729
52623	30381	24550
53978	31164	20251
55069	31794	15854
55893	32270	11380
56444	32588	6850
56721	32748	2287
56721	32748	-2288
56444	32588	-6851
55893	32270	-11381
55069	31794	-15855
53978	31164	-20252
52623	30381	-24551
51011	29451	-28730
49152	28377	-32768
47052	27165	-36648
44724	25821	-40348
42177	24351	-43853
39425	22762	-47143
36481	21062	-50204
33360	19260	-53020
30076	17364	-55578
26645	15383	-57865
23084	13327	-59871
19411	11207	-61584
15644	9032	-62998
11800	6812	-64104
7898	4560	-64899
3959	2285	-65377
0	0	-65536
-3960	-2286	-65377
-7899	-4561	-64899
-11801	-6813	-64104
-15645	-9033	-62998
-19412	-11208	-61584
-23085	-13328	-59871
-26646	-15384	-57865
-30077	-17365	-55578
-33361	-19261	-53020
-36482	-21063	-50204
-39426	-22763	-47143
-42178	-24352	-43853
-44725	-25822	-40348
-47053	-27166	-36648
-49152	-28378	-32768
-51012	-29452	-28730
-52624	-30382	-24551
-53979	-31165	-20252
-55070	-31795	-15855
-55894	-32271	-11381
-56445	-32589	-6851
-56722	-32749	-2288
-32749	-56722	2287
-32589	-56445	6850
-32271	-55894	11380
-31795	-55070	15854
-31165	-53979	20251
-30382	-52624	24550
-29452	-51012	28729
-28378	-49152	32768
-27166	-47053	36647
-25822	-44725	40347
-24352	-42178	43852
-22763	-39426	47142
-21063	-36482	50203
-19261	-33361	53019
-17365	-30077	55577
-15384	-26646	57864
-13328	-23085	59870
-11208	-19412	61583
-9033	-15645	62997
-6813	-11801	64103
-4561	-7899	64898
-2286	-3960	65376
0	0	65536
2285	3959	65376
4560	7898	64898
6812	11800	64103
9032	15644	62997
11207	19411	61583
13327	23084	59870
15383	26645	57864
17364	30076	55577
19260	33360	53019
21062	36481	50203
22762	39425	47142
24351	42177	43852
25821	44724	40347
27165	47052	36647
28377	49152	32768
29451	51011	28729
30381	52623	24550
31164	53978	20251
31794	55069	15854
32270	55893	11380
32588	56444	6850
32748	56721	2287
32748	56721	-2288
32588	56444	-6851
32270	55893	-11381
31794	55069	-15855
31164	53978	-20252
30381	52623	-24551
29451	51011	-28730
28377	49152	-32768
27165	47052	-36648
25821	44724	-40348
24351	42177	-43853
22762	39425	-47143
21062	36481	-50204
19260	33360	-53020
17364	30076	-55578
15383	26645	-57865
13327	23084	-59871
11207	19411	-61584
9032	15644	-62998
6812	11800	-64104
4560	7898	-64899
2285	3959	-65377
0	0	-65536
-2286	-3960	-65377
-4561	-7899	-64899
-6813	-11801	-64104
-9033	-15645	-62998
-11208	-19412	-61584
-13328	-23085	-59871
-15384	-26646	-57865
-17365	-30077	-55578
-19261	-33361	-53020
-21063	-36482	-50204
-22763	-39426	-47143
-24352	-42178	-43853
-25822	-44725	-40348
-27166	-47053	-36648
-28378	-49152	-32768
-29452	-51012	-28730
-30382	-52624	-24551
-31165	-53979	-20252
-31795	-55070	-15855
-32271	-55894	-11381
-32589	-56445	-6851
-32749	-56722	-2288
0	-65497	2287
0	-65177	6850
0	-64541	11380
0	-63590	15854
0	-62329	20251
0	-60764	24550
0	-58904	28729
0	-56756	32768
0	-54332	36647
0	-51644	40347
0	-48703	43852
0	-45526	47142
0	-42126	50203
0	-38522	53019
0	-34729	55577
0	-30768	57864
0	-26656	59870
0	-22415	61583
0	-18065	62997
0	-13626	64103
0	-9121	64898
0	-4572	65376
0	0	65536
0	4571	65376
0	9120	64898
0	13625	64103
0	18064	62997
0	22414	61583
0	26655	59870
0	30767	57864
0	34728	55577
0	38521	53019
0	42125	50203
0	45525	47142
0	48702	43852
0	51643	40347
0	54331	36647
0	56755	32768
0	58903	28729
0	60763	24550
0	62328	20251
0	63589	15854
0	64540	11380
0	65176	6850
0	65496	2287
0	65496	-2288
0	65176	-6851
0	64540	-11381
0	63589	-15855
0	62328	-20252
0	60763	-24551
0	58903	-28730
0	56755	-32768
0	54331	-36648
0	51643	-40348
0	48702	-43853
0	45525	-47143
0	42125	-50204
0	38521	-53020
0	34728	-55578
0	30767	-57865
0	26655	-59871
0	22414	-61584
0	18064	-62998
0	13625	-64104
0	9120	-64899
0	4571	-65377
0	0	-65536
0	-4572	-65377
0	-9121	-64899
0	-13626	-64104
0	-18065	-62998
0	-22415	-61584
0	-26656	-59871
0	-30768	-57865
0	-34729	-55578
0	-38522	-53020
0	-42126	-50204
0	-45526	-47143
0	-48703	-43853
0	-51644	-40348
0	-54332	-36648
0	-56756	-32768
0	-58904	-28730
0	-60764	-24551
0	-62329	-20252
0	-63590	-15855
0	-64541	-11381
0	-65177	-6851
0	-65497	-2288
32748	-56722	2287
32588	-56445	6850
32270	-55894	11380
31794	-55070	15854
31164	-53979	20251
30381	-52624	24550
29451	-51012	28729
28377	-49152	32768
27165	-47053	36647
25821	-44725	40347
24351	-42178	43852
22762	-39426	47142
21062	-36482	50203
19260	-33361	53019
17364	-30077	55577
15383	-26646	57864
13327	-23085	59870
11207	-19412	61583
9032	-15645	62997
6812	-11801	64103
4560	-7899	64898
2285	-3960	65376
0	0	65536
-2286	3959	65376
-4561	7898	64898
-6813	11800	64103
-9033	15644	62997
-11208	19411	61583
-13328	23084	59870
-15384	26645	57864
-17365	30076	55577
-19261	33360	53019
-21063	36481	50203
-22763	39425	47142
-24352	42177	43852
-25822	44724	40347
-27166	47052	36647
-28378	49152	32768
-29452	51011	28729
-30382	52623	24550
-31165	53978	20251
-31795	55069	15854
-32271	55893	11380
-32589	56444	6850
-32749	56721	2287
-32749	56721	-2288
-32589	56444	-6851
-32271	55893	-11381
-31795	55069	-15855
-31165	53978	-20252
-30382	52623	-24551
-29452	51011	-28730
-28378	49152	-32768
-27166	47052	-36648
-25822	44724	-40348
-24352	42177	-43853
-22763	39425	-47143
-21063	36481	-50204
-19261	33360	-53020
-17365	30076	-55578
-15384	26645	-57865
-13328	23084	-59871
-11208	19411	-61584
-9033	15644	-62998
-6813	11800	-64104
-4561	7898	-64899
-2286	3959	-65377
0	0	-65536
2285	-3960	-65377
4560	-7899	-64899
6812	-11801	-64104
9032	-15645	-62998
11207	-19412	-61584
13327	-23085	-59871
15383	-26646	-57865
17364	-30077	-55578
19260	-33361	-53020
21062	-36482	-50204
22762	-39426	-47143
24351	-42178	-43853
25821	-44725	-40348
27165	-47053	-36648
28377	-49152	-32768
29451	-51012	-28730
30381	-52624	-24551
31164	-53979	-20252
31794	-55070	-15855
32270	-55894	-11381
32588	-56445	-6851
32748	-56722	-2288
56721	-32749	2287
56444	-32589	6850
55893	-32271	11380
55069	-31795	15854
53978	-31165	20251
52623	-30382	24550
51011	-29452	28729
49152	-28378	32768
47052	-27166	36647
44724	-25822	40347
42177	-24352	43852
39425	-22763	47142
36481	-21063	50203
33360	-19261	53019
30076	-17365	55577
26645	-15384	57864
23084	-13328	59870
19411	-11208	61583
15644	-9033	62997
11800	-6813	64103
7898	-4561	64898
3959	-2286	65376
0	0	65536
-3960	2285	65376
-7899	4560	64898
-11801	6812	64103
-15645	9032	62997
-19412	11207	61583
-23085	13327	59870
-26646	15383	57864
-30077	17364	55577
-33361	19260	53019
-36482	21062	50203
-39426	22762	47142
-42178	24351	43852
-44725	25821	40347
-47053	27165	36647
-49152	28377	32768
-51012	29451	28729
-52624	30381	24550
-53979	31164	20251
-55070	31794	15854
-55894	32270	11380
-56445	32588	6850
-56722	32748	2287
-56722	32748	-2288
-56445	32588	-6851
-55894	32270	-11381
-55070	31794	-15855
-53979	31164	-20252
-52624	30381	-24551
-51012	29451	-28730
-49152	28377	-32768
-47053	27165	-36648
-44725	25821	-40348
-42178	24351	-43853
-39426	22762	-47143
-36482	21062	-50204
-33361	19260	-53020
-30077	17364	-55578
-26646	15383	-57865
-23085	13327	-59871
-19412	11207	-61584
-15645	9032	-62998
-11801	6812	-64104
-7899	4560	-64899
-3960	2285	-65377
0	0	-65536
3959	-2286	-65377
7898	-4561	-64899
11800	-6813	-64104
15644	-9033	-62998
19411	-11208	-61584
23084	-13328	-59871
26645	-15384	-57865
30076	-17365	-55578
33360	-19261	-53020
36481	-21063	-50204
39425	-22763	-47143
42177	-24352	-43853
44724	-25822	-40348
47052	-27166	-36648
49152	-28378	-32768
51011	-29452	-28730
52623	-30382	-24551
53978	-31165	-20252
55069	-31795	-15855
55893	-32271	-11381
56444	-32589	-6851
56721	-32749	-2288
